cpu  152046 41 112801 115943481 28360 0 332 0 0 0
cpu0 17387 12 18764 19331293 4923 0 197 0 0 0
cpu1 17668 6 20562 19327522 5546 0 15 0 0 0
cpu2 20209 6 20014 19321576 3769 0 18 0 0 0
cpu3 18609 6 17213 19339523 2647 0 11 0 0 0
cpu4 55956 0 13737 19294061 8764 0 41 0 0 0
cpu5 22216 9 22508 19329503 2709 0 48 0 0 0
intr 13867208 0 159133 1666898 0 0 0 3456833 0 0 0 0 0 0 0 0 0 0 0 0 0 0 0 0 6089299 0 0 0 0 0 0 0 205284 4231 0 140277 0 0 0 0 1 66 0 172569 1232 17 0 1931730 0 0 0 0 0 0 0 0 0 0 0 0 0 0 0 0 0 0 0 0 0 0 9 0 0 0 0 0 0 0 0 0 8636 7614 7747 7745 7792 0 0 0 0 0 0 0 0 0 0 0 0 0 0 0 0 88 7 0 0 0 0 0 0 0 0
ctxt 15320187
btime 1676757585
processes 82495
procs_running 1
procs_blocked 0
softirq 7260810 86 1580391 36354 280512 117709 0 7112 3035835 0 2202811
